

----------------------------
mAP of low band spectral masking (70%) of RN50 --> ImageNet weights?: False 
0.4864
0.5624
0.6791
0.6503
0.4837
0.7366
0.7683
0.7575
0.7281
0.7591
0.6942
0.5799
0.6854
0.7597
0.5027
0.7144
0.6740
0.6894
0.7171
0.7527
0.6943
0.7980
0.7969
0.7791
0.7173
0.5831
0.5154
0.8026
0.7922
0.7730
0.7997
0.8280
0.8234
0.8270
0.8209
0.8262
0.8192
0.8301
0.8242
0.8326
0.8240
0.8256
0.8267
0.8041
0.7815
0.7825
0.8223
0.8328
0.8276
0.8349
0.8115
0.8213
0.8180


----------------------------
mAP of low band spectral masking (70%) of RN50 --> ImageNet weights?: False 
0.4864
0.5624
0.6791
0.6503
0.7299
0.7730
0.7616
0.7197
0.7571
0.7057
0.5715
0.6829
0.7580
0.7084
0.6798
0.6896
0.7209
0.7480
0.6921
0.8017
0.7956
0.7783
0.7227
0.5794
0.5169
0.8020
0.7648
0.8057
0.8206
0.8302
0.8251
0.8228
0.8253
0.8172
0.8267
0.8271
0.8288
0.8294
0.8234
0.8315
0.7959
0.7821
0.7843
0.8349
0.8216
0.8296
0.8165
0.8240
0.8231


----------------------------
mAP of high band spectral masking (70%) of RN50 --> ImageNet weights?: False 
0.4969
0.6885
0.8934
0.8469
0.9481
0.9577
0.9576
0.9260
0.9438
0.8942
0.6596
0.9054
0.9317
0.8580
0.8067
0.8193
0.8998
0.9320
0.8626
0.9719
0.9724
0.9612
0.9098
0.6728
0.5218
0.9732
0.9627
0.9766
0.9841
0.9840
0.9842
0.9839
0.9828
0.9823
0.9848
0.9840
0.9850
0.9815
0.9831
0.9839
0.9700
0.9665
0.9611
0.9850
0.9837
0.9845
0.9815
0.9825
0.9816


----------------------------
mAP of low band spectral masking (70%) of RN50 --> ImageNet weights?: True 
0.5020
0.5031
0.4985
0.5020
0.4979
0.4997
0.5019
0.5071
0.5018
0.5011
0.4970
0.4932
0.4915
0.5003
0.4903
0.5053
0.4992
0.4974
0.4963
0.4988
0.4990
0.4965
0.4961
0.4958
0.4895
0.4900
0.4911
0.4910
0.4954
0.4952
0.5040
0.4968
0.5035
0.4996
0.4928
0.4909
0.4966
0.4885
0.4946
0.4911
0.4833
0.5044
0.4892
0.4971
0.4943
0.4945
0.4811
0.4873
0.4777


----------------------------
mAP of high band spectral masking (70%) of RN50 --> ImageNet weights?: True 
0.4951
0.5007
0.4914
0.4868
0.4753
0.4809
0.4755
0.4958
0.4847
0.4857
0.4898
0.4786
0.4723
0.5082
0.4796
0.5126
0.4829
0.4832
0.4987
0.4899
0.4808
0.4843
0.4817
0.4838
0.4586
0.4779
0.4644
0.4762
0.4766
0.4743
0.4833
0.4739
0.4880
0.4721
0.4727
0.4674
0.4752
0.4604
0.4935
0.4762
0.4477
0.4831
0.4687
0.4825
0.4736
0.4715
0.4454
0.4635
0.4550



----------------------------
mAP of low band spectral masking (70%) of RN50 pruned at 0.0% --> ImageNet weights?: False 
0.8287
0.8265
0.8274
0.8300
0.8276
0.8321
0.8296
0.8243
0.8271
0.8316
0.8283
0.8263
0.8230
0.8324
0.8361
0.8278
0.8294
0.8285
0.8272
0.8324
0.8328
0.8296
0.8338
0.8276
0.8308
0.8314
0.8285
0.8293
0.8205
0.8350
0.8258
0.8287
0.8281
0.8277
0.8277
0.8286
0.8298
0.8311
0.8255
0.8338
0.8259
0.8295
0.8294
0.8348
0.8266
0.8258
0.8264
0.8323
0.8325


----------------------------
mAP of high band spectral masking (70%) of RN50 pruned at 0.0% --> ImageNet weights?: False 
0.9836
0.9849
0.9848
0.9840
0.9857
0.9849
0.9853
0.9854
0.9853
0.9857
0.9848
0.9847
0.9853
0.9849
0.9851
0.9861
0.9848
0.9843
0.9849
0.9853
0.9846
0.9849
0.9849
0.9849
0.9859
0.9847
0.9845
0.9840
0.9851
0.9847
0.9845
0.9857
0.9848
0.9850
0.9851
0.9840
0.9850
0.9840
0.9845
0.9855
0.9853
0.9850
0.9849
0.9860
0.9854
0.9852
0.9847
0.9851
0.9843



----------------------------
mAP of low band spectral masking (70%) of RN50_mod pruned at 99.0% --> ImageNet weights?: False
Weights loaded from: ./checkpoints/mask_0/rn50_modft.pth
0.5033
0.7885
0.6747
0.7693
0.8672
0.8688
0.8663
0.8659
0.8628
0.8690
0.7446
0.7511
0.7402
0.5536
0.5171
0.6941
0.7074
0.7256
0.7670
0.7563
0.8677
0.8677
0.6589
0.5512
0.6436
0.8034
0.6106
0.7535
0.8153
0.7953
0.8170
0.8122
0.8107
0.8240
0.8628
0.8562
0.8643
0.8489
0.8671
0.8291
0.6900
0.7112
0.8181
0.8518
0.8042
0.8277
0.8690
0.8560
0.8659


----------------------------
mAP of high band spectral masking (70%) of RN50_mod pruned at 99.0% --> ImageNet weights?: False
Weights loaded from: ./checkpoints/mask_0/rn50_modft.pth
0.5201
0.9692
0.8339
0.9170
0.9832
0.9844
0.9850
0.9830
0.9851
0.9841
0.9327
0.9530
0.9401
0.6394
0.5560
0.8392
0.8503
0.9032
0.9167
0.9370
0.9901
0.9875
0.8355
0.6814
0.8076
0.9704
0.7269
0.9359
0.9679
0.9597
0.9726
0.9571
0.9534
0.9701
0.9872
0.9830
0.9875
0.9850
0.9887
0.9743
0.8422
0.8544
0.9765
0.9852
0.9730
0.9773
0.9905
0.9846
0.9901


----------------------------
mAP of low band spectral masking (70%) of RN50_mod pruned at 0.0% --> ImageNet weights?: False
Weights loaded from: ./checkpoints/mask_0/rn50_modft.pth
0.8521
0.8559
0.8517
0.8553
0.8508
0.8541
0.8549
0.8467
0.8472
0.8501
0.8529
0.8545
0.8512
0.8538
0.8569
0.8580
0.8571
0.8559
0.8555
0.8462
0.8544
0.8501
0.8531
0.8545
0.8531
0.8460
0.8533
0.8464
0.8549
0.8503
0.8512
0.8470
0.8506
0.8534
0.8498
0.8508
0.8537
0.8499
0.8538
0.8525
0.8538
0.8558
0.8556
0.8544
0.8498
0.8459
0.8522
0.8578
0.8512


----------------------------
mAP of high band spectral masking (70%) of RN50_mod pruned at 0.0% --> ImageNet weights?: False
Weights loaded from: ./checkpoints/mask_0/rn50_modft.pth
0.9855
0.9870
0.9863
0.9866
0.9864
0.9872
0.9875
0.9850
0.9874
0.9878
0.9866
0.9858
0.9873
0.9865
0.9869
0.9860
0.9863
0.9869
0.9853
0.9863
0.9868
0.9865
0.9871
0.9863
0.9858
0.9852
0.9870
0.9857
0.9861
0.9855
0.9876
0.9855
0.9874
0.9871
0.9858
0.9853
0.9865
0.9847
0.9867
0.9864
0.9859
0.9855
0.9869
0.9862
0.9881
0.9866
0.9860
0.9865
0.9857





----------------------------
mAP of low band spectral masking (70%) of clip_rn50 pruned at 99.0% --> ImageNet weights?: False
Weights loaded from: ./checkpoints/mask_0/clip_rn50ft.pth
0.5000
0.5000
0.5101
0.5172
0.7390
0.5687
0.6694
0.7151
0.5094
0.8124
0.7296
0.6301
0.5036
0.5835
0.5452
0.7647
0.7910
0.7905
0.7286
0.7480
0.7792
0.7563
0.7710
0.7585
0.5491
0.7718
0.7588
0.7560
0.7650
0.7535
0.7821
0.7598
0.7732
0.7749
0.7746
0.7703
0.7802
0.7734
0.7614
0.7702
0.7712
0.7740
0.7218
0.7825
0.7741
0.7670
0.7640
0.7689
0.7570
0.7710
0.7635





----------------------------
mAP of high band spectral masking (70%) of clip_rn50 pruned at 99.0% --> ImageNet weights?: False
Weights loaded from: ./checkpoints/mask_0/clip_rn50ft.pth
0.5000
0.5000
0.5022
0.5557
0.9156
0.6561
0.8112
0.8556
0.5209
0.9557
0.9102
0.7261
0.4709
0.7186
0.5671
0.9443
0.9482
0.9643
0.9134
0.9068
0.9515
0.9294
0.9478
0.9247
0.6336
0.9361
0.9209
0.9459
0.9400
0.9427
0.9517
0.9375
0.9401
0.9565
0.9451
0.9444
0.9539
0.9487
0.9337
0.9531
0.9427
0.9392
0.8933
0.9560
0.9462
0.9416
0.9478
0.9475
0.9301
0.9455
0.9409


----------------------------
mAP of low band spectral masking (70%) of clip_rn50 pruned at 0.0% --> ImageNet weights?: False
Weights loaded from: ./checkpoints/mask_0/clip_rn50ft.pth
0.7690
0.7699
0.7740
0.7749
0.7658
0.7718
0.7750
0.7706
0.7681
0.7698
0.7711
0.7727
0.7666
0.7706
0.7664
0.7679
0.7743
0.7669
0.7737
0.7746
0.7750
0.7764
0.7605
0.7769
0.7724
0.7784
0.7770
0.7694
0.7690
0.7634
0.7709
0.7664
0.7723
0.7652
0.7718
0.7681
0.7693
0.7722
0.7717
0.7776
0.7709
0.7762
0.7744
0.7651
0.7725
0.7686
0.7667
0.7695
0.7715
0.7736
0.7681


----------------------------
mAP of high band spectral masking (70%) of clip_rn50 pruned at 0.0% --> ImageNet weights?: False
Weights loaded from: ./checkpoints/mask_0/clip_rn50ft.pth
0.9421
0.9452
0.9435
0.9443
0.9393
0.9431
0.9458
0.9418
0.9442
0.9475
0.9401
0.9421
0.9372
0.9445
0.9409
0.9421
0.9442
0.9468
0.9421
0.9412
0.9410
0.9429
0.9415
0.9435
0.9433
0.9428
0.9442
0.9433
0.9401
0.9413
0.9414
0.9417
0.9404
0.9439
0.9416
0.9417
0.9380
0.9445
0.9439
0.9434
0.9423
0.9397
0.9429
0.9428
0.9460
0.9398
0.9468
0.9417
0.9424
0.9412
0.9429


----------------------------
mAP of low band spectral masking (70%) of RN50 pruned at 0.0% --> ImageNet weights?: True
Dataset: LSUNbinary
0.8127
0.8457
0.8014
0.7821
0.8265
0.8099
0.8074
0.8166
0.7915
0.8104
0.7864
0.7927
0.7792
0.8179
0.8284
0.8268
0.8232
0.7939
0.8079
0.7988
0.8192
0.7887
0.7994
0.8250
0.8180
0.8083
0.8242
0.8164
0.8309
0.8256
0.8411
0.8060
0.8265
0.8317
0.8365
0.8248
0.7981
0.8200
0.8243
0.7989
0.8294
0.8160
0.8079
0.8150
0.8360
0.8152
0.8386
0.7726
0.8291


----------------------------
mAP of low band spectral masking (70%) of RN50 pruned at 99.0% --> ImageNet weights?: True
Dataset: LSUNbinary
0.8157
0.7532
0.8197
0.7436
0.8355
0.8513
0.8008
0.8642
0.8206
0.8313
0.8820
0.8376
0.8527
0.7064
0.7558
0.7036
0.7787
0.7779
0.7169
0.8745
0.8248
0.8706
0.8815
0.8010
0.8995
0.6937
0.7375
0.7765
0.8345
0.8528
0.8011
0.8539
0.8394
0.8672
0.8684
0.8084
0.8294
0.8818
0.8074
0.8173
0.9010
0.7758
0.8104
0.8583
0.8788
0.8283
0.8338
0.8452
0.8339


----------------------------
mAP of mid band spectral masking (70%) of RN50 pruned at 99.0% --> ImageNet weights?: True
Dataset: LSUNbinary
0.8513
0.7128
0.8077
0.7579
0.8452
0.8882
0.7788
0.8919
0.8145
0.8503
0.8577
0.7818
0.8685
0.6457
0.6460
0.6037
0.6963
0.7598
0.7259
0.8848
0.8036
0.8933
0.9035
0.5876
0.7580
0.5935
0.7106
0.6983
0.8203
0.8173
0.7115
0.8811
0.8137
0.8211
0.8196
0.8591
0.7630
0.7928
0.7809
0.6997
0.6527
0.5540
0.5115
0.7547
0.7517
0.8454
0.5986
0.6107
0.6340


----------------------------
mAP of low band spectral masking (70%) of RN50 pruned at 99.0% --> ImageNet weights?: False
Weights loaded from: ./checkpoints/mask_0/rn50ft.pth
Dataset: LSUNbinary
0.8472
0.6253
0.6267
0.5838
0.6985
0.8165
0.7359
0.7487
0.7653
0.7819
0.4980
0.5652
0.6042
0.6195
0.7853
0.6011
0.5640
0.6011
0.5932
0.7293
0.7217
0.8220
0.5251
0.6483
0.6701
0.6722
0.6475
0.6798
0.6853
0.6767
0.6671
0.7094
0.7030
0.6694
0.6744
0.7003
0.6947
0.7420
0.6625
0.6593
0.6737
0.6745
0.6418
0.7155
0.7343
0.7303
0.7279
0.7409
0.7414



----------------------------
mAP of low band spectral masking (70%) of RN50 pruned at 0.0% --> ImageNet weights?: False
Weights loaded from: ./checkpoints/mask_0/rn50ft.pth
Dataset: LSUNbinary
0.7054
0.7042
0.7225
0.7141
0.6839
0.7427
0.7186
0.6984
0.6837
0.7002
0.7228
0.7218
0.6863
0.7303
0.6800
0.7419
0.6843
0.7308
0.7285
0.7491
0.6863
0.7338
0.7110
0.7033
0.7069
0.6908
0.6759
0.7019
0.6948
0.6701
0.6820
0.7126
0.6902
0.6744
0.6780
0.7027
0.6960
0.7437
0.6608
0.6616
0.6872
0.6676
0.6855
0.7176
0.7228
0.7278
0.7106
0.7197
0.7126


----------------------------
mAP of high band spectral masking (70%) of RN50 pruned at 99.0% --> ImageNet weights?: False
Weights loaded from: ./checkpoints/mask_0/rn50ft.pth
Dataset: LSUNbinary
0.8019
0.5889
0.5913
0.6005
0.6004
0.6313
0.6146
0.6416
0.6375
0.6895
0.4721
0.5457
0.5892
0.5892
0.8577
0.6091
0.5690
0.5727
0.6178
0.5758
0.5700
0.6080
0.4736
0.5249
0.6171
0.5925
0.5743
0.5709
0.5599
0.5777
0.5486
0.5554
0.5781
0.5687
0.5706
0.5717
0.5834
0.5633
0.5533
0.5585
0.5518
0.6498
0.5371
0.5892
0.6159
0.5728
0.5874
0.5705
0.5749


----------------------------
mAP of high band spectral masking (70%) of RN50 pruned at 0.0% --> ImageNet weights?: False
Weights loaded from: ./checkpoints/mask_0/rn50ft.pth
Dataset: LSUNbinary
0.5694
0.5711
0.5748
0.5696
0.5722
0.5738
0.5723
0.5687
0.5679
0.5821
0.5742
0.5810
0.5716
0.5683
0.5818
0.5737
0.5760
0.5714
0.5801
0.5791
0.5678
0.5596
0.5733
0.5613
0.5649
0.5870
0.5611
0.5716
0.5740
0.5818
0.5590
0.5672
0.5757
0.5735
0.5684
0.5711
0.5834
0.5693
0.5590
0.5679
0.5854
0.5723
0.5689
0.5803
0.5901
0.5712
0.5737
0.5759
0.5675


----------------------------
mAP of low band spectral masking (70%) of clip_rn50 pruned at 99.0% --> ImageNet weights?: False
Weights loaded from: ./checkpoints/mask_0/clip_rn50ft.pth
Dataset: LSUNbinary
0.6371
0.6837
0.5985
0.5590
0.6780
0.5760
0.8026
0.6934
0.5788
0.7217
0.8525
0.9184
0.6269
0.7019
0.7874
0.7589
0.7122
0.7361
0.7223
0.6277
0.6929
0.6933
0.6671
0.6765
0.7765
0.7008
0.6837
0.7064
0.7786
0.7485
0.7475
0.7192
0.7188
0.7230
0.7078
0.7051
0.7268
0.7195
0.7256
0.7536
0.7422
0.7301
0.7339
0.7162
0.7391
0.7389
0.7198
0.7289
0.7332
0.7288
0.7714


----------------------------
mAP of low band spectral masking (70%) of clip_rn50 pruned at 0.0% --> ImageNet weights?: False
Weights loaded from: ./checkpoints/mask_0/clip_rn50ft.pth
Dataset: LSUNbinary
0.7131
0.7309
0.7399
0.7126
0.7260
0.6995
0.7118
0.7213
0.7286
0.6669
0.7488
0.7240
0.7380
0.7273
0.7324
0.7468
0.7165
0.7270
0.7206
0.7229
0.6999
0.7176
0.7000
0.6997
0.7239
0.7361
0.7094
0.7135
0.7588
0.7301
0.7416
0.6965
0.7047
0.7079
0.7133
0.7027
0.7230
0.7181
0.7277
0.7300
0.7445
0.7267
0.7133
0.7204
0.7448
0.7297
0.7139
0.7174
0.7309
0.7230
0.7634


----------------------------
mAP of high band spectral masking (70%) of clip_rn50 pruned at 99.0% --> ImageNet weights?: False
Weights loaded from: ./checkpoints/mask_0/clip_rn50ft.pth
Dataset: LSUNbinary
0.6371
0.6837
0.7410
0.5194
0.6040
0.5380
0.7459
0.6746
0.6643
0.6707
0.7971
0.9315
0.6894
0.7355
0.8602
0.6741
0.6703
0.6746
0.6894
0.5283
0.6194
0.6246
0.6220
0.6101
0.7854
0.6310
0.5797
0.6083
0.6817
0.6666
0.6611
0.6773
0.6421
0.6755
0.6297
0.6466
0.6343
0.6595
0.6601
0.6527
0.6305
0.6460
0.6165
0.6338
0.6447
0.6599
0.6548
0.6465
0.6293
0.6535
0.6665


----------------------------
mAP of high band spectral masking (70%) of clip_rn50 pruned at 0.0% --> ImageNet weights?: False
Weights loaded from: ./checkpoints/mask_0/clip_rn50ft.pth
Dataset: LSUNbinary
0.6346
0.6445
0.6444
0.6472
0.6323
0.6507
0.6292
0.6527
0.6405
0.6406
0.6267
0.6474
0.6399
0.6369
0.6557
0.6489
0.6499
0.6240
0.6519
0.6445
0.6235
0.6541
0.6538
0.6536
0.6224
0.6610
0.6346
0.6403
0.6638
0.6550
0.6416
0.6532
0.6419
0.6555
0.6406
0.6443
0.6294
0.6534
0.6634
0.6418
0.6318
0.6431
0.6488
0.6431
0.6624
0.6557
0.6474
0.6393
0.6348
0.6546
0.6678


----------------------------
mAP of low band spectral masking (70%) of RN50 pruned at 99.0% --> ImageNet weights?: True
Dataset: ForenSynths
0.5020
0.5031
0.4985
0.5020
0.4979
0.4997
0.5019
0.5071
0.5018
0.5011
0.4970
0.4932
0.4915
0.5003
0.4903
0.5053
0.4992
0.4974
0.4963
0.4988
0.4990
0.4965
0.4961
0.4958
0.4895
0.4900
0.4911
0.4910
0.4954
0.4952
0.5040
0.4968
0.5035
0.4996
0.4928
0.4909
0.4966
0.4885
0.4946
0.4911
0.4833
0.5044
0.4892
0.4971
0.4943
0.4945
0.4811
0.4873
0.4777


----------------------------
mAP of high band spectral masking (70%) of RN50 pruned at 99.0% --> ImageNet weights?: True
Dataset: ForenSynths
0.4951
0.5007
0.4914
0.4868
0.4753
0.4809
0.4755
0.4958
0.4847
0.4857
0.4898
0.4786
0.4723
0.5082
0.4796
0.5126
0.4829
0.4832
0.4987
0.4899
0.4808
0.4843
0.4817
0.4838
0.4586
0.4779
0.4644
0.4762
0.4766
0.4743
0.4833
0.4739
0.4880
0.4721
0.4727
0.4674
0.4752
0.4604
0.4935
0.4762
0.4477
0.4831
0.4687
0.4825
0.4736
0.4715
0.4454
0.4635
0.4550


----------------------------
mAP of low band spectral masking (70%) of RN50 pruned at 0.0% --> ImageNet weights?: True
Dataset: ForenSynths
0.4937
0.4965
0.4967
0.4960
0.4908
0.4908
0.4963
0.4942
0.4894
0.4952
0.4956
0.5006
0.4866
0.4935
0.4924
0.4938
0.4944
0.5034
0.4948
0.4926
0.4928
0.4940
0.5009
0.4996
0.4944
0.4967
0.4970
0.4937
0.4995
0.4941
0.4979
0.5014
0.4968
0.4960
0.4925
0.4937
0.4936
0.5006
0.4944
0.4873
0.4964
0.4960
0.4982
0.4936
0.4980
0.4952
0.4974
0.4932
0.4854


----------------------------
mAP of high band spectral masking (70%) of RN50 pruned at 0.0% --> ImageNet weights?: True
Dataset: ForenSynths
0.4727
0.4696
0.4733
0.4687
0.4729
0.4738
0.4721
0.4742
0.4734
0.4730
0.4697
0.4746
0.4730
0.4737
0.4729
0.4745
0.4711
0.4720
0.4771
0.4741
0.4714
0.4687
0.4730
0.4755
0.4721
0.4741
0.4740
0.4736
0.4726
0.4701
0.4729
0.4730
0.4716
0.4727
0.4724
0.4737
0.4733
0.4713
0.4754
0.4718
0.4730
0.4726
0.4736
0.4753
0.4733
0.4701
0.4712
0.4738
0.4693


----------------------------
mAP of low band spectral masking (70%) of clip_rn50 pruned at 99.0% --> ImageNet weights?: True
Dataset: ForenSynths
0.5000
0.5000
0.5035
0.5142
0.4821
0.4978
0.4976
0.5100
0.4958
0.5101
0.5074
0.5029
0.5120
0.4864
0.4927
0.4943
0.4859
0.4855
0.4986
0.4986
0.4901
0.5003
0.5142
0.5089
0.4901
0.4939
0.4989
0.4868
0.5027
0.4893
0.5018
0.4890
0.4952
0.4914
0.4720
0.4934
0.4999
0.4968
0.4884
0.5018
0.5093
0.4861
0.4869
0.4899
0.4966
0.4981
0.4913
0.5066
0.4943
0.4672
0.4942


----------------------------
mAP of low band spectral masking (70%) of clip_rn50 pruned at 0.0% --> ImageNet weights?: True
Dataset: ForenSynths
0.5037
0.4985
0.4995
0.4923
0.5025
0.4984
0.4978
0.4958
0.5004
0.4998
0.4958
0.4969
0.4993
0.4944
0.4936
0.4991
0.5039
0.4955
0.5050
0.5007
0.5036
0.5033
0.5039
0.5051
0.4979
0.5002
0.4977
0.4969
0.5012
0.4965
0.5092
0.5053
0.5060
0.4976
0.5006
0.4984
0.4980
0.5026
0.5024
0.4947
0.4977
0.5061
0.5025
0.4999
0.5058
0.4935
0.4966
0.5018
0.4977
0.5012
0.5030






----------------------------
mAP of low band spectral masking (70%) of rn50 pruned at 99.0% --> ImageNet weights?: False
Weights loaded from: ./checkpoints/mask_0/rn50ft_cifake.pth
Dataset: CIFAKE
0.5958
0.6273
0.6061
0.6056
0.6173
0.6121
0.6070
0.5998
0.5948
0.5978
0.6358
0.6364
0.6295
0.6080
0.5993
0.6144
0.6071
0.6024
0.6002
0.5935
0.6255
0.5866
0.6134
0.5927
0.6064
0.5902
0.5680
0.6041
0.5883
0.6007
0.5870
0.5942
0.6201
0.6104
0.5994
0.6104
0.6079
0.6035
0.6046
0.6094
0.6113
0.6160
0.6118
0.6184
0.5941
0.6062
0.6108
0.6182
0.6102


----------------------------
mAP of low band spectral masking (70%) of rn50 pruned at 0.0% --> ImageNet weights?: False
Weights loaded from: ./checkpoints/mask_0/rn50ft_cifake.pth
Dataset: CIFAKE
0.6143
0.6043
0.6066
0.6104
0.6044
0.6027
0.6003
0.6093
0.6048
0.6066
0.6124
0.6153
0.6190
0.6032
0.6122
0.6114
0.6068
0.6039
0.6045
0.6010
0.6159
0.5938
0.5979
0.6036
0.6182
0.6105
0.6010
0.6154
0.5938
0.6073
0.5940
0.6001
0.6231
0.6124
0.6019
0.6116
0.6092
0.6079
0.6046
0.6114
0.6127
0.6065
0.6067
0.6215
0.6067
0.6086
0.6060
0.6135
0.6056


----------------------------
mAP of low band spectral masking (70%) of rn50_cifar10 pruned at 99.0% --> CIFAR10 weights?: True
Dataset: CIFAR10
0.5213
0.6194
0.5765
0.5607
0.7104
0.6601
0.5995
0.6521
0.6069
0.6856
0.5996
0.6119
0.5661
0.6362
0.6141
0.5915
0.5144
0.6620
0.5800
0.6403
0.5948
0.6863
0.5547
0.5833
0.6442
0.5760
0.6828
0.6806
0.6588
0.7127
0.6524
0.8608
0.5580
0.7076
0.5542
0.5738
0.6335
0.7052
0.5274
0.5954
0.6698
0.5582
0.5775
0.5843
0.5716
0.6332
0.6129
0.6340
0.6497


----------------------------
mAP of low band spectral masking (70%) of rn50_cifar10 pruned at 0.0% --> CIFAR10 weights?: True
Dataset: CIFAR10
0.7706
0.5977
0.5941
0.5905
0.7119
0.6655
0.5750
0.6359
0.5769
0.6796
0.5195
0.5801
0.5622
0.5916
0.6066
0.5862
0.5144
0.6810
0.5890
0.6407
0.6035
0.7285
0.6157
0.6089
0.6999
0.5494
0.6289
0.7047
0.6353
0.6446
0.6054
0.8697
0.5584
0.7095
0.5672
0.4979
0.6048
0.7845
0.5144
0.6021
0.6850
0.5555
0.5838
0.5860
0.5714
0.6332
0.6183
0.6364
0.6492




----------------------------
mAP of low band spectral masking (70%) of vgg_cifar10 pruned at 99.0% --> CIFAR10 weights?: True
Dataset: CIFAR10
0.5412
0.6297
0.6026
0.4447
0.5624
0.5171
0.7361
0.5890
0.6689
0.6060
0.5042
0.6402
0.5913
0.6309
0.6604
0.5298


----------------------------
mAP of low band spectral masking (70%) of vgg_cifar10 pruned at 0.0% --> CIFAR10 weights?: True
Dataset: CIFAR10
0.5969
0.5125
0.5275
0.5531
0.4964
0.6473
0.6626
0.5757
0.5610
0.5893
0.5060
0.6212
0.5845
0.6225
0.6702
0.5340
